{
 "cells": [
  {
   "cell_type": "code",
   "execution_count": 4,
   "metadata": {},
   "outputs": [],
   "source": [
    "# Project 2 - Efficient Frontier\n",
    "# Author Jose Aponte\n",
    "# Professor John Droescher\n",
    "# Quantitative Finance - ECO 41552"
   ]
  },
  {
   "cell_type": "code",
   "execution_count": 5,
   "metadata": {
    "tags": []
   },
   "outputs": [],
   "source": [
    "import math\n",
    "import datetime as dt\n",
    "import pandas as pd\n",
    "import numpy as np\n",
    "import yfinance as yf\n",
    "import seaborn as sns\n",
    "import scipy.optimize as sco\n",
    "import matplotlib.pyplot as plt"
   ]
  },
  {
   "cell_type": "code",
   "execution_count": 6,
   "metadata": {},
   "outputs": [
    {
     "name": "stdout",
     "output_type": "stream",
     "text": [
      "[*********************100%***********************]  7 of 7 completed\n"
     ]
    }
   ],
   "source": [
    "tickets = ['AAPL','MSFT','AMZN','TSLA','GOOGL','UNH','JNJ']\n",
    "\n",
    "todayDate = dt.datetime.today()\n",
    "sDate = dt.timedelta(2*365)\n",
    "prices = yf.download(tickets, period = '2y')['Adj Close'].pct_change()\n",
    "returns = prices\n",
    "al = len(tickets)"
   ]
  },
  {
   "cell_type": "code",
   "execution_count": 7,
   "metadata": {},
   "outputs": [],
   "source": [
    "class Tools:\n",
    "    def __init__(self, returns, assets):\n",
    "        self.returns = returns\n",
    "        self.assets = assets\n",
    "    \n",
    "    def simpleComposition(self):\n",
    "        self.tbl = pd.DataFrame(index=self.assets)\n",
    "        self.tbl['Mean']=returns.mean()\n",
    "        self.tbl['Variance']=returns.var()\n",
    "        return(self.tbl.T)\n",
    "    \n",
    "    def correlation(self):\n",
    "        self.tbl=pd.DataFrame(index=self.assets)\n",
    "        self.corr = returns.corr()\n",
    "        return(self.corr)"
   ]
  },
  {
   "cell_type": "code",
   "execution_count": 8,
   "metadata": {},
   "outputs": [
    {
     "data": {
      "text/html": [
       "<div>\n",
       "<style scoped>\n",
       "    .dataframe tbody tr th:only-of-type {\n",
       "        vertical-align: middle;\n",
       "    }\n",
       "\n",
       "    .dataframe tbody tr th {\n",
       "        vertical-align: top;\n",
       "    }\n",
       "\n",
       "    .dataframe thead th {\n",
       "        text-align: right;\n",
       "    }\n",
       "</style>\n",
       "<table border=\"1\" class=\"dataframe\">\n",
       "  <thead>\n",
       "    <tr style=\"text-align: right;\">\n",
       "      <th></th>\n",
       "      <th>Mean</th>\n",
       "      <th>Variance</th>\n",
       "    </tr>\n",
       "  </thead>\n",
       "  <tbody>\n",
       "    <tr>\n",
       "      <th>AAPL</th>\n",
       "      <td>0.000702</td>\n",
       "      <td>0.000356</td>\n",
       "    </tr>\n",
       "    <tr>\n",
       "      <th>MSFT</th>\n",
       "      <td>0.000591</td>\n",
       "      <td>0.000351</td>\n",
       "    </tr>\n",
       "    <tr>\n",
       "      <th>AMZN</th>\n",
       "      <td>-0.000520</td>\n",
       "      <td>0.000651</td>\n",
       "    </tr>\n",
       "    <tr>\n",
       "      <th>TSLA</th>\n",
       "      <td>0.000350</td>\n",
       "      <td>0.001451</td>\n",
       "    </tr>\n",
       "    <tr>\n",
       "      <th>GOOGL</th>\n",
       "      <td>0.000227</td>\n",
       "      <td>0.000433</td>\n",
       "    </tr>\n",
       "    <tr>\n",
       "      <th>UNH</th>\n",
       "      <td>0.000665</td>\n",
       "      <td>0.000191</td>\n",
       "    </tr>\n",
       "    <tr>\n",
       "      <th>JNJ</th>\n",
       "      <td>0.000049</td>\n",
       "      <td>0.000099</td>\n",
       "    </tr>\n",
       "  </tbody>\n",
       "</table>\n",
       "</div>"
      ],
      "text/plain": [
       "           Mean  Variance\n",
       "AAPL   0.000702  0.000356\n",
       "MSFT   0.000591  0.000351\n",
       "AMZN  -0.000520  0.000651\n",
       "TSLA   0.000350  0.001451\n",
       "GOOGL  0.000227  0.000433\n",
       "UNH    0.000665  0.000191\n",
       "JNJ    0.000049  0.000099"
      ]
     },
     "metadata": {},
     "output_type": "display_data"
    },
    {
     "data": {
      "text/html": [
       "<div>\n",
       "<style scoped>\n",
       "    .dataframe tbody tr th:only-of-type {\n",
       "        vertical-align: middle;\n",
       "    }\n",
       "\n",
       "    .dataframe tbody tr th {\n",
       "        vertical-align: top;\n",
       "    }\n",
       "\n",
       "    .dataframe thead th {\n",
       "        text-align: right;\n",
       "    }\n",
       "</style>\n",
       "<table border=\"1\" class=\"dataframe\">\n",
       "  <thead>\n",
       "    <tr style=\"text-align: right;\">\n",
       "      <th></th>\n",
       "      <th>AAPL</th>\n",
       "      <th>AMZN</th>\n",
       "      <th>GOOGL</th>\n",
       "      <th>JNJ</th>\n",
       "      <th>MSFT</th>\n",
       "      <th>TSLA</th>\n",
       "      <th>UNH</th>\n",
       "    </tr>\n",
       "  </thead>\n",
       "  <tbody>\n",
       "    <tr>\n",
       "      <th>AAPL</th>\n",
       "      <td>1.000000</td>\n",
       "      <td>0.650430</td>\n",
       "      <td>0.730224</td>\n",
       "      <td>0.294881</td>\n",
       "      <td>0.771518</td>\n",
       "      <td>0.554845</td>\n",
       "      <td>0.406450</td>\n",
       "    </tr>\n",
       "    <tr>\n",
       "      <th>AMZN</th>\n",
       "      <td>0.650430</td>\n",
       "      <td>1.000000</td>\n",
       "      <td>0.698991</td>\n",
       "      <td>0.172050</td>\n",
       "      <td>0.701599</td>\n",
       "      <td>0.479769</td>\n",
       "      <td>0.235038</td>\n",
       "    </tr>\n",
       "    <tr>\n",
       "      <th>GOOGL</th>\n",
       "      <td>0.730224</td>\n",
       "      <td>0.698991</td>\n",
       "      <td>1.000000</td>\n",
       "      <td>0.228678</td>\n",
       "      <td>0.810074</td>\n",
       "      <td>0.445185</td>\n",
       "      <td>0.313316</td>\n",
       "    </tr>\n",
       "    <tr>\n",
       "      <th>JNJ</th>\n",
       "      <td>0.294881</td>\n",
       "      <td>0.172050</td>\n",
       "      <td>0.228678</td>\n",
       "      <td>1.000000</td>\n",
       "      <td>0.272281</td>\n",
       "      <td>0.027843</td>\n",
       "      <td>0.492902</td>\n",
       "    </tr>\n",
       "    <tr>\n",
       "      <th>MSFT</th>\n",
       "      <td>0.771518</td>\n",
       "      <td>0.701599</td>\n",
       "      <td>0.810074</td>\n",
       "      <td>0.272281</td>\n",
       "      <td>1.000000</td>\n",
       "      <td>0.477424</td>\n",
       "      <td>0.395621</td>\n",
       "    </tr>\n",
       "    <tr>\n",
       "      <th>TSLA</th>\n",
       "      <td>0.554845</td>\n",
       "      <td>0.479769</td>\n",
       "      <td>0.445185</td>\n",
       "      <td>0.027843</td>\n",
       "      <td>0.477424</td>\n",
       "      <td>1.000000</td>\n",
       "      <td>0.170227</td>\n",
       "    </tr>\n",
       "    <tr>\n",
       "      <th>UNH</th>\n",
       "      <td>0.406450</td>\n",
       "      <td>0.235038</td>\n",
       "      <td>0.313316</td>\n",
       "      <td>0.492902</td>\n",
       "      <td>0.395621</td>\n",
       "      <td>0.170227</td>\n",
       "      <td>1.000000</td>\n",
       "    </tr>\n",
       "  </tbody>\n",
       "</table>\n",
       "</div>"
      ],
      "text/plain": [
       "           AAPL      AMZN     GOOGL       JNJ      MSFT      TSLA       UNH\n",
       "AAPL   1.000000  0.650430  0.730224  0.294881  0.771518  0.554845  0.406450\n",
       "AMZN   0.650430  1.000000  0.698991  0.172050  0.701599  0.479769  0.235038\n",
       "GOOGL  0.730224  0.698991  1.000000  0.228678  0.810074  0.445185  0.313316\n",
       "JNJ    0.294881  0.172050  0.228678  1.000000  0.272281  0.027843  0.492902\n",
       "MSFT   0.771518  0.701599  0.810074  0.272281  1.000000  0.477424  0.395621\n",
       "TSLA   0.554845  0.479769  0.445185  0.027843  0.477424  1.000000  0.170227\n",
       "UNH    0.406450  0.235038  0.313316  0.492902  0.395621  0.170227  1.000000"
      ]
     },
     "metadata": {},
     "output_type": "display_data"
    }
   ],
   "source": [
    "table = Tools(returns=returns, assets=tickets)\n",
    "display(table.simpleComposition().T,table.correlation())"
   ]
  }
 ],
 "metadata": {
  "kernelspec": {
   "display_name": "Python 3",
   "language": "python",
   "name": "python3"
  },
  "language_info": {
   "codemirror_mode": {
    "name": "ipython",
    "version": 3
   },
   "file_extension": ".py",
   "mimetype": "text/x-python",
   "name": "python",
   "nbconvert_exporter": "python",
   "pygments_lexer": "ipython3",
   "version": "3.10.6"
  },
  "orig_nbformat": 4
 },
 "nbformat": 4,
 "nbformat_minor": 2
}
